{
 "cells": [
  {
   "cell_type": "code",
   "execution_count": 57,
   "metadata": {},
   "outputs": [],
   "source": [
    "import pandas as pd\n",
    "import numpy as np\n",
    "import pickle\n",
    "import seaborn as sns\n",
    "from matplotlib import pyplot as plt\n",
    "import boto3"
   ]
  },
  {
   "cell_type": "code",
   "execution_count": 46,
   "metadata": {},
   "outputs": [],
   "source": [
    "pd.set_option(\"display.max_rows\", None, \"display.max_columns\", None)"
   ]
  },
  {
   "cell_type": "markdown",
   "metadata": {},
   "source": [
    "Using ml.m5.4xlarge (16vCPU and 64GB)"
   ]
  },
  {
   "cell_type": "code",
   "execution_count": 4,
   "metadata": {},
   "outputs": [],
   "source": [
    "MY_BUCKET = 'sagemaker-studio-8x6b1t9vueh'\n",
    "file_name = 'df_processed.pkl'\n",
    "\n",
    "s3 = boto3.resource('s3')\n",
    "preprocessed_df_ref = s3.Object(MY_BUCKET, file_name)"
   ]
  },
  {
   "cell_type": "code",
   "execution_count": 5,
   "metadata": {},
   "outputs": [],
   "source": [
    "df = pickle.loads(preprocessed_df_ref.get()['Body'].read())"
   ]
  },
  {
   "cell_type": "markdown",
   "metadata": {},
   "source": [
    "## Attempting to create a correlation heatmap of all non-categorical values."
   ]
  },
  {
   "cell_type": "code",
   "execution_count": 6,
   "metadata": {},
   "outputs": [],
   "source": [
    "non_categorical_features = [feature_name for feature_name, dtype in zip(df.dtypes.index, df.dtypes.to_list())\n",
    "                            if 'float' in str(dtype)]"
   ]
  },
  {
   "cell_type": "code",
   "execution_count": 7,
   "metadata": {},
   "outputs": [
    {
     "data": {
      "text/plain": [
       "['Flow Duration',\n",
       " 'Tot Fwd Pkts',\n",
       " 'Tot Bwd Pkts',\n",
       " 'TotLen Fwd Pkts',\n",
       " 'TotLen Bwd Pkts',\n",
       " 'Fwd Pkt Len Max',\n",
       " 'Fwd Pkt Len Min',\n",
       " 'Fwd Pkt Len Mean',\n",
       " 'Fwd Pkt Len Std',\n",
       " 'Bwd Pkt Len Max',\n",
       " 'Bwd Pkt Len Min',\n",
       " 'Bwd Pkt Len Mean',\n",
       " 'Bwd Pkt Len Std',\n",
       " 'Flow Byts/s',\n",
       " 'Flow Pkts/s',\n",
       " 'Flow IAT Mean',\n",
       " 'Flow IAT Std',\n",
       " 'Flow IAT Max',\n",
       " 'Flow IAT Min',\n",
       " 'Fwd IAT Tot',\n",
       " 'Fwd IAT Mean',\n",
       " 'Fwd IAT Std',\n",
       " 'Fwd IAT Max',\n",
       " 'Fwd IAT Min',\n",
       " 'Bwd IAT Tot',\n",
       " 'Bwd IAT Mean',\n",
       " 'Bwd IAT Std',\n",
       " 'Bwd IAT Max',\n",
       " 'Bwd IAT Min',\n",
       " 'Fwd Header Len',\n",
       " 'Bwd Header Len',\n",
       " 'Fwd Pkts/s',\n",
       " 'Bwd Pkts/s',\n",
       " 'Pkt Len Min',\n",
       " 'Pkt Len Max',\n",
       " 'Pkt Len Mean',\n",
       " 'Pkt Len Std',\n",
       " 'Pkt Len Var',\n",
       " 'Down/Up Ratio',\n",
       " 'Pkt Size Avg',\n",
       " 'Fwd Seg Size Avg',\n",
       " 'Bwd Seg Size Avg',\n",
       " 'Fwd Byts/b Avg',\n",
       " 'Fwd Pkts/b Avg',\n",
       " 'Fwd Blk Rate Avg',\n",
       " 'Bwd Byts/b Avg',\n",
       " 'Bwd Pkts/b Avg',\n",
       " 'Bwd Blk Rate Avg',\n",
       " 'Subflow Fwd Pkts',\n",
       " 'Subflow Fwd Byts',\n",
       " 'Subflow Bwd Pkts',\n",
       " 'Subflow Bwd Byts',\n",
       " 'Init Fwd Win Byts',\n",
       " 'Init Bwd Win Byts',\n",
       " 'Fwd Act Data Pkts',\n",
       " 'Fwd Seg Size Min',\n",
       " 'Active Mean',\n",
       " 'Active Std',\n",
       " 'Active Max',\n",
       " 'Active Min',\n",
       " 'Idle Mean',\n",
       " 'Idle Std',\n",
       " 'Idle Max',\n",
       " 'Idle Min']"
      ]
     },
     "execution_count": 7,
     "metadata": {},
     "output_type": "execute_result"
    }
   ],
   "source": [
    "non_categorical_features"
   ]
  },
  {
   "cell_type": "markdown",
   "metadata": {},
   "source": [
    "## TODO:Divide on basis of Benign vs rest for heatmap EDA.\n",
    "## TODO:Compare all mins, max, std etc. together by further spliting the above list of feature names. "
   ]
  },
  {
   "cell_type": "code",
   "execution_count": 8,
   "metadata": {},
   "outputs": [],
   "source": [
    "df_benign = df.loc[df['Label'] == 'Benign']\n",
    "df_not_benign = df.loc[df['Label'] != 'Benign']"
   ]
  },
  {
   "cell_type": "code",
   "execution_count": 21,
   "metadata": {},
   "outputs": [
    {
     "data": {
      "text/plain": [
       "{'Max': ['Fwd Pkt Len Max',\n",
       "  'Bwd Pkt Len Max',\n",
       "  'Flow IAT Max',\n",
       "  'Fwd IAT Max',\n",
       "  'Bwd IAT Max',\n",
       "  'Pkt Len Max',\n",
       "  'Active Max',\n",
       "  'Idle Max'],\n",
       " 'Min': ['Fwd Pkt Len Min',\n",
       "  'Bwd Pkt Len Min',\n",
       "  'Flow IAT Min',\n",
       "  'Fwd IAT Min',\n",
       "  'Bwd IAT Min',\n",
       "  'Pkt Len Min',\n",
       "  'Fwd Seg Size Min',\n",
       "  'Active Min',\n",
       "  'Idle Min'],\n",
       " 'Std': ['Fwd Pkt Len Std',\n",
       "  'Bwd Pkt Len Std',\n",
       "  'Flow IAT Std',\n",
       "  'Fwd IAT Std',\n",
       "  'Bwd IAT Std',\n",
       "  'Pkt Len Std',\n",
       "  'Active Std',\n",
       "  'Idle Std'],\n",
       " 'Avg': ['Pkt Size Avg',\n",
       "  'Fwd Seg Size Avg',\n",
       "  'Bwd Seg Size Avg',\n",
       "  'Fwd Byts/b Avg',\n",
       "  'Fwd Pkts/b Avg',\n",
       "  'Fwd Blk Rate Avg',\n",
       "  'Bwd Byts/b Avg',\n",
       "  'Bwd Pkts/b Avg',\n",
       "  'Bwd Blk Rate Avg',\n",
       "  'Fwd Pkt Len Mean',\n",
       "  'Pkt Size Avg',\n",
       "  'Fwd Seg Size Avg',\n",
       "  'Bwd Seg Size Avg',\n",
       "  'Fwd Byts/b Avg',\n",
       "  'Fwd Pkts/b Avg',\n",
       "  'Fwd Blk Rate Avg',\n",
       "  'Bwd Byts/b Avg',\n",
       "  'Bwd Pkts/b Avg',\n",
       "  'Bwd Blk Rate Avg'],\n",
       " 'Tot': ['Tot Fwd Pkts',\n",
       "  'Tot Bwd Pkts',\n",
       "  'TotLen Fwd Pkts',\n",
       "  'TotLen Bwd Pkts',\n",
       "  'Fwd IAT Tot',\n",
       "  'Bwd IAT Tot'],\n",
       " 'Fwd': ['Tot Fwd Pkts',\n",
       "  'TotLen Fwd Pkts',\n",
       "  'Fwd Pkt Len Max',\n",
       "  'Fwd Pkt Len Min',\n",
       "  'Fwd Pkt Len Mean',\n",
       "  'Fwd Pkt Len Std',\n",
       "  'Fwd IAT Tot',\n",
       "  'Fwd IAT Mean',\n",
       "  'Fwd IAT Std',\n",
       "  'Fwd IAT Max',\n",
       "  'Fwd IAT Min',\n",
       "  'Fwd Header Len',\n",
       "  'Fwd Pkts/s',\n",
       "  'Fwd Seg Size Avg',\n",
       "  'Fwd Byts/b Avg',\n",
       "  'Fwd Pkts/b Avg',\n",
       "  'Fwd Blk Rate Avg',\n",
       "  'Subflow Fwd Pkts',\n",
       "  'Subflow Fwd Byts',\n",
       "  'Init Fwd Win Byts',\n",
       "  'Fwd Act Data Pkts',\n",
       "  'Fwd Seg Size Min'],\n",
       " 'Bwd': ['Tot Bwd Pkts',\n",
       "  'TotLen Bwd Pkts',\n",
       "  'Bwd Pkt Len Max',\n",
       "  'Bwd Pkt Len Min',\n",
       "  'Bwd Pkt Len Mean',\n",
       "  'Bwd Pkt Len Std',\n",
       "  'Bwd IAT Tot',\n",
       "  'Bwd IAT Mean',\n",
       "  'Bwd IAT Std',\n",
       "  'Bwd IAT Max',\n",
       "  'Bwd IAT Min',\n",
       "  'Bwd Header Len',\n",
       "  'Bwd Pkts/s',\n",
       "  'Bwd Seg Size Avg',\n",
       "  'Bwd Byts/b Avg',\n",
       "  'Bwd Pkts/b Avg',\n",
       "  'Bwd Blk Rate Avg',\n",
       "  'Subflow Bwd Pkts',\n",
       "  'Subflow Bwd Byts',\n",
       "  'Init Bwd Win Byts']}"
      ]
     },
     "execution_count": 21,
     "metadata": {},
     "output_type": "execute_result"
    }
   ],
   "source": [
    "features = {}\n",
    "\n",
    "for check in ['Max', 'Min', 'Std', 'Avg', 'Mean', 'Tot', 'Fwd', 'Bwd']:\n",
    "    for cols in non_categorical_features:\n",
    "        if check in cols:\n",
    "            if check == 'Avg' or check == 'Mean':\n",
    "                check = 'Avg'\n",
    "\n",
    "            if check in features:\n",
    "                features[check].append(cols)\n",
    "            else:\n",
    "                features[check] = [cols]\n",
    "\n",
    "features"
   ]
  },
  {
   "cell_type": "code",
   "execution_count": 26,
   "metadata": {},
   "outputs": [],
   "source": [
    "corr = df_benign[features['Max']].corr()"
   ]
  },
  {
   "cell_type": "code",
   "execution_count": 27,
   "metadata": {},
   "outputs": [
    {
     "data": {
      "text/html": [
       "<div>\n",
       "<style scoped>\n",
       "    .dataframe tbody tr th:only-of-type {\n",
       "        vertical-align: middle;\n",
       "    }\n",
       "\n",
       "    .dataframe tbody tr th {\n",
       "        vertical-align: top;\n",
       "    }\n",
       "\n",
       "    .dataframe thead th {\n",
       "        text-align: right;\n",
       "    }\n",
       "</style>\n",
       "<table border=\"1\" class=\"dataframe\">\n",
       "  <thead>\n",
       "    <tr style=\"text-align: right;\">\n",
       "      <th></th>\n",
       "      <th>Fwd Pkt Len Max</th>\n",
       "      <th>Bwd Pkt Len Max</th>\n",
       "      <th>Flow IAT Max</th>\n",
       "      <th>Fwd IAT Max</th>\n",
       "      <th>Bwd IAT Max</th>\n",
       "      <th>Pkt Len Max</th>\n",
       "      <th>Active Max</th>\n",
       "      <th>Idle Max</th>\n",
       "    </tr>\n",
       "  </thead>\n",
       "  <tbody>\n",
       "    <tr>\n",
       "      <th>Fwd Pkt Len Max</th>\n",
       "      <td>1.000000</td>\n",
       "      <td>0.663928</td>\n",
       "      <td>-0.009446</td>\n",
       "      <td>-0.008058</td>\n",
       "      <td>0.150867</td>\n",
       "      <td>0.824106</td>\n",
       "      <td>0.000566</td>\n",
       "      <td>-0.015618</td>\n",
       "    </tr>\n",
       "    <tr>\n",
       "      <th>Bwd Pkt Len Max</th>\n",
       "      <td>0.663928</td>\n",
       "      <td>1.000000</td>\n",
       "      <td>0.117597</td>\n",
       "      <td>0.115055</td>\n",
       "      <td>0.385889</td>\n",
       "      <td>0.953127</td>\n",
       "      <td>0.005540</td>\n",
       "      <td>0.126908</td>\n",
       "    </tr>\n",
       "    <tr>\n",
       "      <th>Flow IAT Max</th>\n",
       "      <td>-0.009446</td>\n",
       "      <td>0.117597</td>\n",
       "      <td>1.000000</td>\n",
       "      <td>0.990763</td>\n",
       "      <td>0.541056</td>\n",
       "      <td>0.100185</td>\n",
       "      <td>0.059282</td>\n",
       "      <td>0.912448</td>\n",
       "    </tr>\n",
       "    <tr>\n",
       "      <th>Fwd IAT Max</th>\n",
       "      <td>-0.008058</td>\n",
       "      <td>0.115055</td>\n",
       "      <td>0.990763</td>\n",
       "      <td>1.000000</td>\n",
       "      <td>0.525447</td>\n",
       "      <td>0.098537</td>\n",
       "      <td>0.057280</td>\n",
       "      <td>0.904493</td>\n",
       "    </tr>\n",
       "    <tr>\n",
       "      <th>Bwd IAT Max</th>\n",
       "      <td>0.150867</td>\n",
       "      <td>0.385889</td>\n",
       "      <td>0.541056</td>\n",
       "      <td>0.525447</td>\n",
       "      <td>1.000000</td>\n",
       "      <td>0.362552</td>\n",
       "      <td>0.041474</td>\n",
       "      <td>0.591990</td>\n",
       "    </tr>\n",
       "    <tr>\n",
       "      <th>Pkt Len Max</th>\n",
       "      <td>0.824106</td>\n",
       "      <td>0.953127</td>\n",
       "      <td>0.100185</td>\n",
       "      <td>0.098537</td>\n",
       "      <td>0.362552</td>\n",
       "      <td>1.000000</td>\n",
       "      <td>0.002280</td>\n",
       "      <td>0.107182</td>\n",
       "    </tr>\n",
       "    <tr>\n",
       "      <th>Active Max</th>\n",
       "      <td>0.000566</td>\n",
       "      <td>0.005540</td>\n",
       "      <td>0.059282</td>\n",
       "      <td>0.057280</td>\n",
       "      <td>0.041474</td>\n",
       "      <td>0.002280</td>\n",
       "      <td>1.000000</td>\n",
       "      <td>0.070231</td>\n",
       "    </tr>\n",
       "    <tr>\n",
       "      <th>Idle Max</th>\n",
       "      <td>-0.015618</td>\n",
       "      <td>0.126908</td>\n",
       "      <td>0.912448</td>\n",
       "      <td>0.904493</td>\n",
       "      <td>0.591990</td>\n",
       "      <td>0.107182</td>\n",
       "      <td>0.070231</td>\n",
       "      <td>1.000000</td>\n",
       "    </tr>\n",
       "  </tbody>\n",
       "</table>\n",
       "</div>"
      ],
      "text/plain": [
       "                 Fwd Pkt Len Max  Bwd Pkt Len Max  Flow IAT Max  Fwd IAT Max  \\\n",
       "Fwd Pkt Len Max         1.000000         0.663928     -0.009446    -0.008058   \n",
       "Bwd Pkt Len Max         0.663928         1.000000      0.117597     0.115055   \n",
       "Flow IAT Max           -0.009446         0.117597      1.000000     0.990763   \n",
       "Fwd IAT Max            -0.008058         0.115055      0.990763     1.000000   \n",
       "Bwd IAT Max             0.150867         0.385889      0.541056     0.525447   \n",
       "Pkt Len Max             0.824106         0.953127      0.100185     0.098537   \n",
       "Active Max              0.000566         0.005540      0.059282     0.057280   \n",
       "Idle Max               -0.015618         0.126908      0.912448     0.904493   \n",
       "\n",
       "                 Bwd IAT Max  Pkt Len Max  Active Max  Idle Max  \n",
       "Fwd Pkt Len Max     0.150867     0.824106    0.000566 -0.015618  \n",
       "Bwd Pkt Len Max     0.385889     0.953127    0.005540  0.126908  \n",
       "Flow IAT Max        0.541056     0.100185    0.059282  0.912448  \n",
       "Fwd IAT Max         0.525447     0.098537    0.057280  0.904493  \n",
       "Bwd IAT Max         1.000000     0.362552    0.041474  0.591990  \n",
       "Pkt Len Max         0.362552     1.000000    0.002280  0.107182  \n",
       "Active Max          0.041474     0.002280    1.000000  0.070231  \n",
       "Idle Max            0.591990     0.107182    0.070231  1.000000  "
      ]
     },
     "execution_count": 27,
     "metadata": {},
     "output_type": "execute_result"
    }
   ],
   "source": [
    "corr"
   ]
  },
  {
   "cell_type": "code",
   "execution_count": 41,
   "metadata": {},
   "outputs": [
    {
     "data": {
      "text/html": [
       "<div>\n",
       "<style scoped>\n",
       "    .dataframe tbody tr th:only-of-type {\n",
       "        vertical-align: middle;\n",
       "    }\n",
       "\n",
       "    .dataframe tbody tr th {\n",
       "        vertical-align: top;\n",
       "    }\n",
       "\n",
       "    .dataframe thead th {\n",
       "        text-align: right;\n",
       "    }\n",
       "</style>\n",
       "<table border=\"1\" class=\"dataframe\">\n",
       "  <thead>\n",
       "    <tr style=\"text-align: right;\">\n",
       "      <th></th>\n",
       "      <th>Fwd Pkt Len Max</th>\n",
       "      <th>Bwd Pkt Len Max</th>\n",
       "      <th>Flow IAT Max</th>\n",
       "      <th>Fwd IAT Max</th>\n",
       "      <th>Bwd IAT Max</th>\n",
       "      <th>Pkt Len Max</th>\n",
       "      <th>Active Max</th>\n",
       "      <th>Idle Max</th>\n",
       "    </tr>\n",
       "  </thead>\n",
       "  <tbody>\n",
       "    <tr>\n",
       "      <th>Fwd Pkt Len Max</th>\n",
       "      <td>1.000000</td>\n",
       "      <td>0.590047</td>\n",
       "      <td>-0.044925</td>\n",
       "      <td>-0.045617</td>\n",
       "      <td>0.110929</td>\n",
       "      <td>0.638189</td>\n",
       "      <td>0.039444</td>\n",
       "      <td>-0.048343</td>\n",
       "    </tr>\n",
       "    <tr>\n",
       "      <th>Bwd Pkt Len Max</th>\n",
       "      <td>0.590047</td>\n",
       "      <td>1.000000</td>\n",
       "      <td>-0.069184</td>\n",
       "      <td>-0.097894</td>\n",
       "      <td>0.123841</td>\n",
       "      <td>0.992058</td>\n",
       "      <td>0.000710</td>\n",
       "      <td>-0.098223</td>\n",
       "    </tr>\n",
       "    <tr>\n",
       "      <th>Flow IAT Max</th>\n",
       "      <td>-0.044925</td>\n",
       "      <td>-0.069184</td>\n",
       "      <td>1.000000</td>\n",
       "      <td>0.997271</td>\n",
       "      <td>0.458983</td>\n",
       "      <td>-0.067890</td>\n",
       "      <td>0.093597</td>\n",
       "      <td>0.995423</td>\n",
       "    </tr>\n",
       "    <tr>\n",
       "      <th>Fwd IAT Max</th>\n",
       "      <td>-0.045617</td>\n",
       "      <td>-0.097894</td>\n",
       "      <td>0.997271</td>\n",
       "      <td>1.000000</td>\n",
       "      <td>0.449245</td>\n",
       "      <td>-0.096182</td>\n",
       "      <td>0.090235</td>\n",
       "      <td>0.994995</td>\n",
       "    </tr>\n",
       "    <tr>\n",
       "      <th>Bwd IAT Max</th>\n",
       "      <td>0.110929</td>\n",
       "      <td>0.123841</td>\n",
       "      <td>0.458983</td>\n",
       "      <td>0.449245</td>\n",
       "      <td>1.000000</td>\n",
       "      <td>0.137149</td>\n",
       "      <td>0.199146</td>\n",
       "      <td>0.454355</td>\n",
       "    </tr>\n",
       "    <tr>\n",
       "      <th>Pkt Len Max</th>\n",
       "      <td>0.638189</td>\n",
       "      <td>0.992058</td>\n",
       "      <td>-0.067890</td>\n",
       "      <td>-0.096182</td>\n",
       "      <td>0.137149</td>\n",
       "      <td>1.000000</td>\n",
       "      <td>0.010218</td>\n",
       "      <td>-0.096431</td>\n",
       "    </tr>\n",
       "    <tr>\n",
       "      <th>Active Max</th>\n",
       "      <td>0.039444</td>\n",
       "      <td>0.000710</td>\n",
       "      <td>0.093597</td>\n",
       "      <td>0.090235</td>\n",
       "      <td>0.199146</td>\n",
       "      <td>0.010218</td>\n",
       "      <td>1.000000</td>\n",
       "      <td>0.094048</td>\n",
       "    </tr>\n",
       "    <tr>\n",
       "      <th>Idle Max</th>\n",
       "      <td>-0.048343</td>\n",
       "      <td>-0.098223</td>\n",
       "      <td>0.995423</td>\n",
       "      <td>0.994995</td>\n",
       "      <td>0.454355</td>\n",
       "      <td>-0.096431</td>\n",
       "      <td>0.094048</td>\n",
       "      <td>1.000000</td>\n",
       "    </tr>\n",
       "  </tbody>\n",
       "</table>\n",
       "</div>"
      ],
      "text/plain": [
       "                 Fwd Pkt Len Max  Bwd Pkt Len Max  Flow IAT Max  Fwd IAT Max  \\\n",
       "Fwd Pkt Len Max         1.000000         0.590047     -0.044925    -0.045617   \n",
       "Bwd Pkt Len Max         0.590047         1.000000     -0.069184    -0.097894   \n",
       "Flow IAT Max           -0.044925        -0.069184      1.000000     0.997271   \n",
       "Fwd IAT Max            -0.045617        -0.097894      0.997271     1.000000   \n",
       "Bwd IAT Max             0.110929         0.123841      0.458983     0.449245   \n",
       "Pkt Len Max             0.638189         0.992058     -0.067890    -0.096182   \n",
       "Active Max              0.039444         0.000710      0.093597     0.090235   \n",
       "Idle Max               -0.048343        -0.098223      0.995423     0.994995   \n",
       "\n",
       "                 Bwd IAT Max  Pkt Len Max  Active Max  Idle Max  \n",
       "Fwd Pkt Len Max     0.110929     0.638189    0.039444 -0.048343  \n",
       "Bwd Pkt Len Max     0.123841     0.992058    0.000710 -0.098223  \n",
       "Flow IAT Max        0.458983    -0.067890    0.093597  0.995423  \n",
       "Fwd IAT Max         0.449245    -0.096182    0.090235  0.994995  \n",
       "Bwd IAT Max         1.000000     0.137149    0.199146  0.454355  \n",
       "Pkt Len Max         0.137149     1.000000    0.010218 -0.096431  \n",
       "Active Max          0.199146     0.010218    1.000000  0.094048  \n",
       "Idle Max            0.454355    -0.096431    0.094048  1.000000  "
      ]
     },
     "execution_count": 41,
     "metadata": {},
     "output_type": "execute_result"
    }
   ],
   "source": [
    "corr =  df_not_benign[features['Max']].corr()\n",
    "corr"
   ]
  },
  {
   "cell_type": "code",
   "execution_count": 45,
   "metadata": {},
   "outputs": [
    {
     "data": {
      "text/html": [
       "<div>\n",
       "<style scoped>\n",
       "    .dataframe tbody tr th:only-of-type {\n",
       "        vertical-align: middle;\n",
       "    }\n",
       "\n",
       "    .dataframe tbody tr th {\n",
       "        vertical-align: top;\n",
       "    }\n",
       "\n",
       "    .dataframe thead th {\n",
       "        text-align: right;\n",
       "    }\n",
       "</style>\n",
       "<table border=\"1\" class=\"dataframe\">\n",
       "  <thead>\n",
       "    <tr style=\"text-align: right;\">\n",
       "      <th></th>\n",
       "      <th>Fwd Pkt Len Max</th>\n",
       "      <th>Bwd Pkt Len Max</th>\n",
       "      <th>Flow IAT Max</th>\n",
       "      <th>Fwd IAT Max</th>\n",
       "      <th>Bwd IAT Max</th>\n",
       "      <th>Pkt Len Max</th>\n",
       "      <th>Active Max</th>\n",
       "      <th>Idle Max</th>\n",
       "    </tr>\n",
       "  </thead>\n",
       "  <tbody>\n",
       "    <tr>\n",
       "      <th>Fwd Pkt Len Max</th>\n",
       "      <td>0.000000</td>\n",
       "      <td>0.073881</td>\n",
       "      <td>0.035479</td>\n",
       "      <td>0.037559</td>\n",
       "      <td>0.039938</td>\n",
       "      <td>0.185918</td>\n",
       "      <td>-0.038877</td>\n",
       "      <td>0.032725</td>\n",
       "    </tr>\n",
       "    <tr>\n",
       "      <th>Bwd Pkt Len Max</th>\n",
       "      <td>0.073881</td>\n",
       "      <td>0.000000</td>\n",
       "      <td>0.186780</td>\n",
       "      <td>0.212950</td>\n",
       "      <td>0.262048</td>\n",
       "      <td>-0.038931</td>\n",
       "      <td>0.004831</td>\n",
       "      <td>0.225131</td>\n",
       "    </tr>\n",
       "    <tr>\n",
       "      <th>Flow IAT Max</th>\n",
       "      <td>0.035479</td>\n",
       "      <td>0.186780</td>\n",
       "      <td>0.000000</td>\n",
       "      <td>-0.006508</td>\n",
       "      <td>0.082074</td>\n",
       "      <td>0.168076</td>\n",
       "      <td>-0.034315</td>\n",
       "      <td>-0.082975</td>\n",
       "    </tr>\n",
       "    <tr>\n",
       "      <th>Fwd IAT Max</th>\n",
       "      <td>0.037559</td>\n",
       "      <td>0.212950</td>\n",
       "      <td>-0.006508</td>\n",
       "      <td>0.000000</td>\n",
       "      <td>0.076203</td>\n",
       "      <td>0.194720</td>\n",
       "      <td>-0.032955</td>\n",
       "      <td>-0.090502</td>\n",
       "    </tr>\n",
       "    <tr>\n",
       "      <th>Bwd IAT Max</th>\n",
       "      <td>0.039938</td>\n",
       "      <td>0.262048</td>\n",
       "      <td>0.082074</td>\n",
       "      <td>0.076203</td>\n",
       "      <td>0.000000</td>\n",
       "      <td>0.225403</td>\n",
       "      <td>-0.157672</td>\n",
       "      <td>0.137634</td>\n",
       "    </tr>\n",
       "    <tr>\n",
       "      <th>Pkt Len Max</th>\n",
       "      <td>0.185918</td>\n",
       "      <td>-0.038931</td>\n",
       "      <td>0.168076</td>\n",
       "      <td>0.194720</td>\n",
       "      <td>0.225403</td>\n",
       "      <td>0.000000</td>\n",
       "      <td>-0.007938</td>\n",
       "      <td>0.203613</td>\n",
       "    </tr>\n",
       "    <tr>\n",
       "      <th>Active Max</th>\n",
       "      <td>-0.038877</td>\n",
       "      <td>0.004831</td>\n",
       "      <td>-0.034315</td>\n",
       "      <td>-0.032955</td>\n",
       "      <td>-0.157672</td>\n",
       "      <td>-0.007938</td>\n",
       "      <td>0.000000</td>\n",
       "      <td>-0.023818</td>\n",
       "    </tr>\n",
       "    <tr>\n",
       "      <th>Idle Max</th>\n",
       "      <td>0.032725</td>\n",
       "      <td>0.225131</td>\n",
       "      <td>-0.082975</td>\n",
       "      <td>-0.090502</td>\n",
       "      <td>0.137634</td>\n",
       "      <td>0.203613</td>\n",
       "      <td>-0.023818</td>\n",
       "      <td>0.000000</td>\n",
       "    </tr>\n",
       "  </tbody>\n",
       "</table>\n",
       "</div>"
      ],
      "text/plain": [
       "                 Fwd Pkt Len Max  Bwd Pkt Len Max  Flow IAT Max  Fwd IAT Max  \\\n",
       "Fwd Pkt Len Max         0.000000         0.073881      0.035479     0.037559   \n",
       "Bwd Pkt Len Max         0.073881         0.000000      0.186780     0.212950   \n",
       "Flow IAT Max            0.035479         0.186780      0.000000    -0.006508   \n",
       "Fwd IAT Max             0.037559         0.212950     -0.006508     0.000000   \n",
       "Bwd IAT Max             0.039938         0.262048      0.082074     0.076203   \n",
       "Pkt Len Max             0.185918        -0.038931      0.168076     0.194720   \n",
       "Active Max             -0.038877         0.004831     -0.034315    -0.032955   \n",
       "Idle Max                0.032725         0.225131     -0.082975    -0.090502   \n",
       "\n",
       "                 Bwd IAT Max  Pkt Len Max  Active Max  Idle Max  \n",
       "Fwd Pkt Len Max     0.039938     0.185918   -0.038877  0.032725  \n",
       "Bwd Pkt Len Max     0.262048    -0.038931    0.004831  0.225131  \n",
       "Flow IAT Max        0.082074     0.168076   -0.034315 -0.082975  \n",
       "Fwd IAT Max         0.076203     0.194720   -0.032955 -0.090502  \n",
       "Bwd IAT Max         0.000000     0.225403   -0.157672  0.137634  \n",
       "Pkt Len Max         0.225403     0.000000   -0.007938  0.203613  \n",
       "Active Max         -0.157672    -0.007938    0.000000 -0.023818  \n",
       "Idle Max            0.137634     0.203613   -0.023818  0.000000  "
      ]
     },
     "execution_count": 45,
     "metadata": {},
     "output_type": "execute_result"
    }
   ],
   "source": [
    "df_benign[features['Max']].corr() - df_not_benign[features['Max']].corr()"
   ]
  },
  {
   "cell_type": "code",
   "execution_count": 44,
   "metadata": {},
   "outputs": [
    {
     "name": "stdout",
     "output_type": "stream",
     "text": [
      "                 Fwd Pkt Len Max  Bwd Pkt Len Max  Flow IAT Max  Fwd IAT Max  \\\n",
      "Fwd Pkt Len Max         1.000000         0.590047     -0.044925    -0.045617   \n",
      "Bwd Pkt Len Max         0.590047         1.000000     -0.069184    -0.097894   \n",
      "Flow IAT Max           -0.044925        -0.069184      1.000000     0.997271   \n",
      "Fwd IAT Max            -0.045617        -0.097894      0.997271     1.000000   \n",
      "Bwd IAT Max             0.110929         0.123841      0.458983     0.449245   \n",
      "Pkt Len Max             0.638189         0.992058     -0.067890    -0.096182   \n",
      "Active Max              0.039444         0.000710      0.093597     0.090235   \n",
      "Idle Max               -0.048343        -0.098223      0.995423     0.994995   \n",
      "\n",
      "                 Bwd IAT Max  Pkt Len Max  Active Max  Idle Max  \n",
      "Fwd Pkt Len Max     0.110929     0.638189    0.039444 -0.048343  \n",
      "Bwd Pkt Len Max     0.123841     0.992058    0.000710 -0.098223  \n",
      "Flow IAT Max        0.458983    -0.067890    0.093597  0.995423  \n",
      "Fwd IAT Max         0.449245    -0.096182    0.090235  0.994995  \n",
      "Bwd IAT Max         1.000000     0.137149    0.199146  0.454355  \n",
      "Pkt Len Max         0.137149     1.000000    0.010218 -0.096431  \n",
      "Active Max          0.199146     0.010218    1.000000  0.094048  \n",
      "Idle Max            0.454355    -0.096431    0.094048  1.000000  \n"
     ]
    }
   ],
   "source": [
    "print(corr)"
   ]
  },
  {
   "cell_type": "code",
   "execution_count": 50,
   "metadata": {},
   "outputs": [],
   "source": [
    "df_corr = df.corr()"
   ]
  },
  {
   "cell_type": "code",
   "execution_count": 51,
   "metadata": {},
   "outputs": [
    {
     "data": {
      "text/plain": [
       "{'ResponseMetadata': {'RequestId': 'NR9WNE2AP1251V3P',\n",
       "  'HostId': 'HKTTnX/7AmbnbuZhhMnJGOU+NirnvIFcJWscNcH8kbjSNc0LGhyvB64bjRCW1BluCEGcgObeeM0=',\n",
       "  'HTTPStatusCode': 200,\n",
       "  'HTTPHeaders': {'x-amz-id-2': 'HKTTnX/7AmbnbuZhhMnJGOU+NirnvIFcJWscNcH8kbjSNc0LGhyvB64bjRCW1BluCEGcgObeeM0=',\n",
       "   'x-amz-request-id': 'NR9WNE2AP1251V3P',\n",
       "   'date': 'Sun, 14 Nov 2021 05:08:22 GMT',\n",
       "   'etag': '\"9e562ed2450fd31de6032e0787a3bbd3\"',\n",
       "   'server': 'AmazonS3',\n",
       "   'content-length': '0'},\n",
       "  'RetryAttempts': 0},\n",
       " 'ETag': '\"9e562ed2450fd31de6032e0787a3bbd3\"'}"
      ]
     },
     "execution_count": 51,
     "metadata": {},
     "output_type": "execute_result"
    }
   ],
   "source": [
    "file_name = 'df_corr.csv'\n",
    "\n",
    "buffer = StringIO()\n",
    "\n",
    "df_corr.to_csv(buffer)\n",
    "\n",
    "corr_ref = s3.Object(MY_BUCKET, file_name)\n",
    "corr_ref.put(Body=buffer.getvalue())"
   ]
  },
  {
   "cell_type": "code",
   "execution_count": 56,
   "metadata": {},
   "outputs": [],
   "source": [
    "mask = np.triu(np.ones_like(df_corr, dtype=bool))"
   ]
  },
  {
   "cell_type": "code",
   "execution_count": 66,
   "metadata": {},
   "outputs": [],
   "source": [
    "from io import BytesIO"
   ]
  },
  {
   "cell_type": "code",
   "execution_count": null,
   "metadata": {},
   "outputs": [],
   "source": []
  },
  {
   "cell_type": "code",
   "execution_count": 76,
   "metadata": {},
   "outputs": [
    {
     "data": {
      "text/plain": [
       "{'ResponseMetadata': {'RequestId': 'PQXSEMKQJVXCQJ9G',\n",
       "  'HostId': '3ZL2sGLVcv1ERfuGyO47alv0G/InZNmm+3y8md87j5+INzrnhnCLtAwZlAk2XuWGXlDusRY+e7g=',\n",
       "  'HTTPStatusCode': 200,\n",
       "  'HTTPHeaders': {'x-amz-id-2': '3ZL2sGLVcv1ERfuGyO47alv0G/InZNmm+3y8md87j5+INzrnhnCLtAwZlAk2XuWGXlDusRY+e7g=',\n",
       "   'x-amz-request-id': 'PQXSEMKQJVXCQJ9G',\n",
       "   'date': 'Sun, 14 Nov 2021 05:42:24 GMT',\n",
       "   'etag': '\"14f6443efa31d7d93255f5a8db7c83d6\"',\n",
       "   'server': 'AmazonS3',\n",
       "   'content-length': '0'},\n",
       "  'RetryAttempts': 0},\n",
       " 'ETag': '\"14f6443efa31d7d93255f5a8db7c83d6\"'}"
      ]
     },
     "execution_count": 76,
     "metadata": {},
     "output_type": "execute_result"
    },
    {
     "data": {
